19.8016 10.3055
20.2875 10.2310
19.2387 9.4632
17.9984 8.9461
17.9967 8.7863
16.7447 9.6187
15.9632 9.7267
15.5441 8.4202
15.3334 8.2777
14.8093 8.6052
15.4613 8.3982
15.4681 8.2391
14.8913 7.0906
14.1297 4.8637
13.7451 3.7712
13.0011 4.3372
12.1119 2.6053
11.7791 2.2254
11.8944 4.3949
11.3416 5.8294
10.7213 5.3057
9.5444 2.8291
10.1876 3.6895
10.3355 5.1783
10.2288 4.3103
9.3044 3.8597
9.3676 2.5332
9.9211 4.4637
10.0737 4.8070
10.0944 6.1850
10.0617 4.6595
9.1459 5.2145
9.4157 6.1483
8.2953 6.9258
8.8512 5.2895
7.9872 3.5714
6.8344 2.9647
6.3627 2.4572
5.4814 2.2941
4.7310 5.9610
5.3439 6.7196
4.3839 6.1996
4.4679 6.4244
4.8961 5.7099
5.0783 5.6253
5.2326 5.6280
5.3860 4.0841
5.8404 1.1849
6.3007 1.4790
5.4105 1.3304
5.7663 1.7855
5.0404 5.7082
5.4847 5.2343
5.8813 4.2550
5.1399 2.9300
5.5137 2.9778
5.7637 2.9025
5.8647 3.2162
4.6557 0.9887
4.3893 2.3574
5.0452 1.0457
5.5136 0.7161
4.3507 -2.0018
19.0675 9.7523
18.7631 9.1369
18.7006 8.9704
17.9516 9.2070
17.1376 8.7626
15.8390 7.0455
15.8981 7.3885
15.7544 7.2955
15.3332 6.8082
15.2272 6.3945
14.4559 5.6292
15.0278 5.4283
14.8620 4.7769
13.6460 4.1266
12.9354 5.1297
13.5778 5.6946
13.2092 7.4644
12.2543 7.5945
12.2974 8.5631
12.5574 8.2136
13.1125 7.5177
12.3163 7.8735
12.4461 7.4535
12.6168 5.5312
11.8977 6.1993
11.9353 6.4057
12.4749 7.3187
12.1871 7.5018
11.2336 7.1390
10.1864 5.9999
10.2361 8.4844
10.9014 8.0922
10.9027 9.1071
10.7175 10.5152
10.7994 8.6699
10.3632 7.3942
10.0957 6.9593
10.4436 6.6160
10.6329 7.2334
10.5805 6.7059
11.2721 4.8027
10.5777 6.8121
10.3794 7.9112
9.7722 7.9544
9.3110 8.4016
9.9022 7.8624
9.6902 7.2818
9.3192 6.3359
8.4122 8.0208
7.9604 7.7523
7.3504 6.7446
6.0948 7.1803
6.0340 6.6434
5.3178 5.6218
4.3228 7.5341
3.0489 7.6186
3.7057 6.4098
3.8375 6.2711
3.4989 5.6499
2.9262 5.7371
2.0455 4.0039
1.8015 5.2311
1.3497 5.8746
1.7967 5.5279
1.1069 6.3368
1.1755 5.7922
0.0391 3.4654
-0.9711 3.7679
-2.1490 0.2054
-2.0580 3.3422
-2.4626 1.1614
-2.9796 -0.0211
20.0955 10.9213
20.5852 10.9311
20.1431 10.6236
20.3323 9.6871
19.1725 10.8287
18.6559 9.9816
17.7014 10.3057
18.0096 9.8752
17.6898 10.3244
17.1492 10.6292
17.5279 10.4538
16.8741 9.6249
16.5950 9.1764
15.9782 8.4960
15.1511 7.8778
13.8813 5.9846
14.3176 5.5313
14.1150 5.7518
14.6670 4.8566
14.0514 5.4025
12.8632 6.7687
11.5991 8.3286
10.6501 7.8094
9.4833 6.7618
9.6844 6.5244
9.9096 6.3489
9.7183 5.5402
9.4016 4.3850
8.6509 3.7396
9.1786 3.5466
8.7487 5.0908
8.8674 4.1560
9.4867 3.4004
10.1454 2.4460
10.4673 1.5836
10.0573 2.8880
9.6812 4.9973
10.3377 5.9042
10.3041 5.8446
10.7540 5.0976
9.7402 6.7830
8.5966 7.9231
8.9030 7.7284
7.8734 6.7806
7.9470 5.4559
7.6545 3.4715
7.8328 1.5518
7.7664 0.6624
6.9686 0.0016
6.2041 0.1795
5.5974 2.3344
5.2663 0.0618
5.6119 2.5364
4.8923 3.7982
4.6455 4.5990
3.9942 6.7385
4.0625 6.0446
2.9607 6.9852
1.9107 4.7591
1.4583 5.2465
1.8611 5.0604
2.0603 4.0965
1.0114 2.9702
1.2336 2.1650
0.2574 4.2011
-0.1655 4.0166
0.0382 3.4642
0.5931 0.3809
1.2645 -3.6507
19.9985 10.0356
20.3142 10.0135
19.1695 10.8341
18.9937 9.7005
19.1832 10.5744
18.7706 9.2294
19.2960 8.8819
18.9219 9.4884
18.2796 8.6495
18.1021 7.6100
16.9337 7.2843
16.0063 5.1850
16.0149 2.7431
15.3516 3.7547
15.2077 4.0610
15.2148 4.2106
14.6458 3.4852
13.5020 4.0558
13.6042 5.0096
13.4580 3.4855
12.4904 3.6556
11.7807 4.3610
10.8871 4.0152
10.6199 3.7868
11.1438 5.3120
10.3438 4.1829
10.2467 4.8429
10.0221 4.3477
8.8115 4.7877
7.7918 6.0874
7.6032 6.3112
6.5198 6.5483
6.4852 7.2574
6.6505 7.0516
7.0733 8.1311
6.1027 9.5944
5.8344 8.7285
5.8492 8.1615
5.9601 7.4660
5.3310 6.7518
4.0677 5.7485
3.3636 7.9610
3.5170 8.1982
4.1537 6.8639
4.4247 8.0151
3.8626 8.4243
2.6968 7.1363
3.3360 7.9965
2.6150 8.1700
2.0187 9.2570
1.7762 8.9686
1.8486 8.8335
1.8535 7.9040
2.4743 7.7721
2.6030 8.3676
2.4017 8.3990
2.8150 9.2216
3.3539 10.9251
2.2416 10.0439
2.0543 10.3941
0.7997 10.5916
0.3811 8.8822
1.0075 9.7476
0.6711 10.4234
0.0545 10.4476
-0.6324 10.5899
-0.6841 10.0200
-0.5030 9.0217
-1.4320 7.7158
-1.8452 8.2655
-1.9859 8.9989
-1.5180 8.9618
-2.4804 9.4338
-1.9329 10.0977
-1.9070 10.9900
-1.2202 11.3271
-0.9182 10.9188
-1.7727 12.1135
-1.9026 11.4117
-2.8325 11.4358
-3.5598 10.8846
-3.2049 11.5865
-3.1399 10.3312
-3.8190 10.9841
-3.7898 10.1490
-4.7569 10.0712
-4.1074 9.5456
-3.9121 9.7747
-4.6889 9.3029
-4.3634 8.8198
-4.9077 7.7084
-4.7216 8.6100
-4.9549 8.0480
-4.7846 6.3655
-4.7882 7.4566
-4.1706 7.0639
-5.0546 7.1141
-5.1076 6.7533
-6.0235 7.6255
-6.7609 6.5881
-6.2456 6.0084
-6.1589 5.7674
-6.9297 6.1213
-6.2857 5.6493
-7.3409 3.3300
-8.5706 3.9811
-9.3082 4.2923
-9.2974 2.7507
-9.8376 1.6518
-10.3090 -1.4197
20.1756 9.4380
19.3832 8.3320
18.7484 8.2664
18.4254 8.5043
17.8145 9.0732
17.6902 9.1628
18.2883 9.3481
17.1578 9.2016
17.0440 9.2940
17.0598 10.0323
17.7039 9.9427
18.3332 9.7378
18.3980 8.7669
18.6205 7.9314
17.5686 6.6652
17.5787 5.5502
17.8864 5.1741
17.3393 7.3404
17.4533 6.8048
17.5710 6.0641
16.7940 3.9590
16.9729 4.6350
17.1117 4.8794
16.3758 5.1786
15.2759 5.8177
14.2408 7.2569
14.4191 6.3130
14.3162 5.2708
13.7125 4.3955
14.2401 6.1184
14.7995 6.9811
13.6031 7.0671
12.5515 6.6057
11.6150 7.1174
11.3618 7.2594
11.2532 7.9102
11.6560 7.4329
12.1853 8.5282
12.1149 8.5445
11.8702 8.1726
12.5089 7.9392
11.4560 9.3907
11.3155 8.4634
11.0096 8.5292
11.0821 9.1396
11.2517 8.1761
10.6240 9.0319
10.7260 8.7593
9.5578 9.1302
8.8999 9.6133
8.7196 9.5030
8.2156 10.0607
7.7104 10.7039
6.8625 10.6215
7.5481 9.5643
7.2137 10.3107
6.7171 9.6821
6.1094 8.9657
5.5319 9.1986
5.6291 8.5681
5.4275 8.0406
4.6624 7.2404
3.6619 8.4447
2.8637 9.6173
3.5106 8.4516
2.7987 8.6753
3.4668 9.3930
3.8921 9.0371
3.5721 7.7732
2.5035 7.3753
2.2443 8.5701
1.3906 8.9864
2.0078 7.8304
2.2592 7.6817
1.0237 8.2227
1.2043 7.4330
1.2133 6.5756
1.6714 6.2920
1.3947 7.2146
1.5471 7.9703
1.5163 8.3940
1.3302 7.6186
1.7729 6.2529
1.5782 5.4940
1.5725 2.9154
0.8335 3.6068
0.7848 1.9768
-0.3780 0.3733
-1.6007 -0.3662
20.0734 9.2900
20.3156 8.0967
19.9919 8.4157
19.9129 8.0642
20.1541 6.9257
20.7731 5.5878
21.3973 3.6614
21.3402 2.8591
21.4669 3.2118
20.5462 -0.2304
20.3262 9.7434
20.3701 8.9981
19.7484 8.5100
19.7314 7.4819
19.2204 7.1298
18.1940 7.5834
17.5125 8.8864
16.4596 8.4524
15.9068 7.8061
15.8842 6.5802
16.4778 7.4766
16.3502 7.4951
16.6337 6.3977
16.1831 9.2097
15.3327 7.9455
15.8434 8.1538
16.3036 7.6714
15.5004 6.7427
14.8018 6.5775
13.8566 5.6775
14.0248 4.7086
13.0061 4.3472
12.4910 3.1797
11.4301 4.2693
11.0308 3.1962
11.4907 2.9099
11.4177 1.8846
10.7147 0.9785
11.4096 -2.2631
19.7784 10.7924
20.1074 9.7940
19.9276 10.1126
18.6738 9.2198
18.2603 10.0239
18.4887 9.9262
17.9048 9.2356
16.7342 10.1998
16.8553 9.7107
16.2555 8.6351
16.6888 8.5930
16.3328 6.8277
15.5075 6.2013
14.5734 5.0755
15.0994 5.4629
13.9808 6.0437
14.3236 5.4029
14.0587 6.9346
13.1211 7.9187
11.9744 6.5458
11.1681 7.0838
11.8251 7.5266
12.2505 7.6653
12.8175 7.6818
12.4559 6.2673
13.0813 5.5762
13.1852 4.4494
12.4487 5.1163
11.4933 5.6270
12.0601 3.7372
11.9097 1.9468
11.6529 1.6518
11.1738 0.7139
11.7573 -3.3965
20.5286 8.7660
20.6310 8.6760
19.6855 7.9007
19.2234 7.2141
18.0211 9.4315
18.2004 8.9083
18.4042 7.3698
18.8805 7.9356
18.3448 7.0830
18.4821 6.6754
18.3729 5.9030
17.9533 4.0424
17.6596 4.5944
17.2416 5.1017
16.1907 3.6059
15.1116 1.1821
14.7544 1.4787
13.8064 4.2034
13.3800 1.9974
13.9029 -0.1683
20.5541 9.0863
19.8944 9.0218
20.3716 7.6713
20.7781 7.2712
19.5683 7.9660
18.8440 8.7861
18.3527 7.7972
18.8378 6.8863
18.6448 5.6699
19.1059 4.6078
18.0069 4.9423
17.0846 5.5793
17.0445 5.0856
16.8862 3.0762
16.1946 2.0428
15.1816 4.7807
14.3167 5.9846
14.1073 6.0604
13.6476 5.5374
14.1269 4.9807
13.5528 4.9890
12.6570 5.3776
12.9924 6.5316
12.8241 7.2268
11.9055 7.5998
12.3381 7.1500
12.8942 6.8057
12.5744 7.1291
11.8637 7.2854
11.6395 6.4675
11.1065 5.6266
10.4386 4.6001
10.0239 5.5365
8.9724 3.9982
9.2791 3.2673
9.7229 3.1956
8.5029 1.9569
7.3763 2.1034
7.8588 1.5886
8.1098 0.9213
8.4099 0.4943
8.4609 1.7101
8.1560 1.7349
7.9622 1.5047
7.5015 -4.4132
19.8756 9.9198
19.9027 9.7236
19.7369 9.2585
18.7483 9.2769
18.8353 9.5499
17.7571 9.6377
18.3804 8.7380
18.6488 8.0255
18.4141 7.2513
17.5785 6.2915
16.6195 6.5785
15.8252 8.3681
16.1445 7.8168
15.1673 6.7451
15.5619 7.1972
14.5098 7.9428
14.2416 8.6620
13.1344 7.4080
12.9728 8.3796
13.4350 9.3272
12.6044 8.7208
12.5154 7.8149
12.4779 8.9696
12.7754 7.5276
12.5478 6.0867
12.9019 4.7166
12.1447 6.6058
12.8039 4.8838
12.7366 3.2279
11.9397 5.9713
11.7299 5.3855
11.4335 5.0500
11.1018 5.1890
11.5689 6.4331
10.6076 6.2290
9.5874 5.7897
9.8915 4.4593
9.0776 5.2956
9.3470 6.8139
9.0882 6.1809
9.1543 4.7949
8.4694 5.9400
8.4454 6.4779
8.1183 7.1663
7.2602 7.8503
6.1386 8.0297
6.8055 8.0105
6.9801 8.7661
6.4827 7.7991
7.1060 8.5956
7.1866 7.6463
6.6345 7.2476
6.0929 6.8409
4.9134 7.5419
4.3644 7.7979
4.4005 8.0584
4.3305 8.8841
4.7791 7.7838
4.0052 6.3065
4.5219 6.5630
3.3243 7.4134
2.4606 6.6223
2.3584 7.0052
1.0709 6.3139
1.4820 6.4227
1.8751 4.2959
1.1559 4.9574
0.3843 6.2350
0.5012 6.8430
0.5097 7.3885
0.7526 7.2616
-0.1553 7.6282
0.4113 7.8775
0.3770 8.1926
-0.3068 7.8998
-0.5222 7.3006
-0.8568 6.6485
-1.3436 6.0888
-1.3362 7.2490
-2.2245 5.6652
-3.2509 5.4965
-3.2995 4.5928
-4.1747 5.7683
-4.5759 4.4360
-5.3368 4.1991
-5.6144 3.8903
-5.0383 3.0703
-5.4385 1.2657
-5.6117 3.2629
-6.7815 2.1411
-7.1445 -0.7222
19.4745 11.4451
19.7081 10.5173
19.5273 9.6505
18.8330 9.5840
18.1610 8.4187
18.7784 9.4248
18.6767 9.2831
18.0789 9.0952
18.3621 7.9426
18.1395 6.9596
17.5612 5.1419
16.8496 5.6075
15.8592 7.4351
14.9615 6.6628
13.9472 6.3288
14.2340 4.5187
13.3822 4.0895
13.1328 3.0395
13.2877 0.7715
12.4026 -2.7292
19.5066 9.3773
18.5871 8.3507
17.5066 8.7485
16.4248 8.7472
15.7040 7.4238
15.7424 5.7039
14.7507 6.3498
14.5181 5.1829
15.0847 4.6814
14.3538 5.0895
13.5271 5.5502
13.7281 4.0416
14.3782 5.3957
14.4714 4.1953
13.7878 3.8101
12.7317 1.2793
11.8823 -0.4283
19.9907 10.5413
19.0256 10.7514
19.3554 10.4241
19.4246 9.8197
18.5167 9.2815
18.2275 7.3845
17.0231 5.6834
16.5416 5.9567
15.2571 5.7783
15.4427 3.7508
14.5222 3.2798
14.3299 -0.3007
20.1405 9.9357
20.4085 10.4908
20.9488 9.4944
21.4842 9.7045
21.3250 8.8900
21.5740 7.2924
21.1152 7.7617
21.4720 6.6377
21.8484 6.3926
20.9330 5.3997
21.5006 5.4548
22.0431 5.5480
21.2870 5.2454
21.2087 2.2605
21.4419 2.9959
20.8230 2.4639
20.7724 1.2928
21.1877 -0.2582
20.0944 9.5407
19.0301 9.3627
19.1874 9.2834
19.5211 9.0377
19.4314 8.4926
18.7299 9.6549
19.1628 9.3448
19.5210 9.3046
20.1987 9.4549
20.4505 9.8367
19.3926 9.1173
19.9404 8.3162
19.5236 9.7296
19.2834 9.2998
18.9218 10.0246
17.8285 8.7401
16.8044 9.4413
15.9778 10.4766
15.0013 9.9262
15.3855 9.0015
15.9314 9.4514
14.9467 10.3591
15.4779 11.2753
15.7283 12.1363
14.7511 12.0956
14.1145 13.1611
14.1579 12.5107
14.8410 12.8235
13.8750 13.1597
12.9454 14.2429
12.3381 14.2323
12.4859 14.5744
12.5587 13.4713
12.5006 12.5142
11.2263 12.1253
11.7174 10.9537
11.5058 11.0312
10.3985 10.2900
9.8893 9.0238
8.7062 9.3549
9.2997 8.7810
8.9553 8.5114
8.0873 7.8292
7.2643 6.9516
6.2116 7.3300
5.9769 6.7021
5.1140 6.2546
4.9580 6.6448
4.6227 6.5062
4.0547 5.4130
3.4925 6.1875
3.1911 5.6280
1.9907 6.8074
2.5211 5.5190
1.8327 6.4183
1.3827 5.5870
0.2444 3.9963
0.5607 2.3434
-0.5215 3.9648
-1.2310 4.4227
-1.7693 1.1523
-1.3084 3.1499
-2.3317 2.6311
-3.0813 5.4135
-3.7977 5.3783
-4.5689 5.5529
-5.6911 3.7366
-5.0538 2.7852
-5.2497 3.8118
-4.7479 5.4752
-6.0198 5.3390
-5.9646 4.7620
-6.1082 5.3516
-5.9586 5.6125
-7.2572 4.9489
-7.8699 4.3581
-7.6926 6.5195
-8.4017 5.9642
-9.0533 6.4592
-8.4590 6.2333
-8.0199 4.3741
-8.7992 2.6685
-9.6248 1.2448
-9.9388 -0.9055
19.5521 9.1999
19.3486 8.3257
18.0960 8.8427
17.1097 9.1499
16.2422 9.9734
15.0514 9.0050
14.5823 8.5093
15.2091 8.0331
14.4721 8.8461
15.1148 8.4189
14.9160 7.3239
14.6418 7.3141
13.7498 7.2993
14.0844 7.5287
13.1888 7.5574
12.1021 9.3967
11.8293 10.1632
11.6965 10.1709
11.3586 9.6473
12.0348 9.2649
11.1993 8.6051
10.2073 6.9888
9.0792 8.2719
8.3385 8.9486
7.7803 9.5839
8.1351 9.0276
7.4851 8.4443
7.9431 8.8118
7.2870 10.3449
6.1431 9.5516
4.9291 8.9214
5.6073 9.2680
4.7705 9.8042
3.5168 8.3935
3.3443 8.0427
2.6154 6.9951
3.1638 6.7522
2.6719 7.0272
1.7132 7.5402
2.1672 6.9295
2.4756 8.6427
1.8735 7.4935
1.6528 7.0503
1.4580 7.1473
0.3690 6.1476
-0.6191 5.1227
-0.4983 5.8307
-0.7511 5.8273
-1.2354 4.6566
-1.1544 5.0257
-1.3709 6.3265
-0.8099 6.1059
-0.5829 5.4969
-0.1377 6.3056
0.2856 7.5748
0.8894 7.2303
1.3554 7.3688
1.1779 6.2448
1.1394 5.9995
1.4659 5.7522
1.2870 5.7493
1.4491 5.9159
1.6683 5.4382
2.1531 4.8336
1.2497 2.6377
0.0318 2.8141
-0.3095 3.4915
-1.4656 2.6204
-2.6080 4.5936
-2.5143 3.3593
-3.5045 3.4199
-4.0993 1.9369
-4.8025 2.9540
-5.3673 1.7137
-5.8211 5.3778
-6.1498 6.1250
-6.9524 4.6547
-7.5848 4.8764
-8.3717 3.5125
-8.5116 2.4495
-9.2532 2.5120
-10.3174 3.2377
-10.5244 2.3695
-9.8967 5.4561
-9.2241 6.5281
-8.9767 7.3910
-8.9412 6.0110
-10.0423 4.7860
-11.1335 4.8178
-11.6545 4.9723
-12.0851 3.6600
-11.8871 1.6477
-12.9555 1.6943
-13.1158 0.0508
-14.3618 -3.2827
19.8731 9.9228
20.1882 8.5899
20.3504 9.6058
19.2276 10.6594
18.5066 11.2720
18.2212 11.5420
18.3365 12.1128
17.0402 12.1550
17.3072 12.0066
17.2881 11.1214
17.4684 12.0610
16.4888 11.4743
15.3278 11.6836
15.3215 11.6410
15.6312 10.7962
15.5983 11.1604
14.7287 12.0792
13.9066 12.2225
13.9041 11.0057
12.6959 10.3053
12.5412 10.0409
12.3040 10.0853
12.8017 10.8994
11.9829 11.4609
10.7767 11.1233
11.0153 10.9342
9.9322 11.3881
9.5791 11.1321
9.6979 11.2164
10.3077 11.5087
9.8633 10.5068
9.7709 11.0012
8.9054 12.2491
7.9975 11.8312
6.9284 12.6959
7.5128 12.0415
7.9090 11.3981
7.2771 11.8502
7.0843 12.6231
7.3629 11.2432
7.8756 11.6446
8.4559 12.1755
8.6442 12.2263
9.0771 11.9928
8.7600 12.7275
7.6279 13.1731
7.7432 12.7585
6.4582 12.2553
5.7691 11.7362
4.9793 10.8250
5.6366 9.8005
5.0532 10.3780
4.3066 11.4049
4.5163 10.3463
3.4208 10.1619
2.7066 11.0870
2.5579 10.6047
2.3058 9.0973
1.6754 8.1373
1.9232 8.8403
1.1810 8.1130
1.5270 8.7771
1.5820 7.6600
1.9072 8.4086
1.0984 8.0053
0.1432 8.8220
0.2198 9.8141
-0.0628 8.6220
-0.8671 8.1161
-0.4555 8.4083
-0.8920 9.2561
-0.9040 9.6500
-0.9823 10.3410
-1.3011 9.8103
-2.2540 9.2381
-2.9372 8.6340
-2.6655 8.3455
-3.4177 8.2074
-3.4255 8.9270
-3.9564 9.4284
-3.7019 9.4709
-3.1640 10.0778
-2.5912 10.3123
-1.9014 10.5674
-1.5009 10.2687
-0.8997 10.0811
-0.5910 9.3198
-1.4538 9.0276
-1.2652 7.9801
-2.1903 8.8621
-3.4551 10.2470
-4.3281 9.6270
-5.2154 10.0157
-5.7125 9.4968
-5.9160 10.8946
-5.3081 10.2922
-5.2336 11.0324
-6.0245 10.9834
-5.4055 11.5159
-4.7650 11.3739
-5.6925 11.3348
-6.1519 12.5923
-6.3756 11.4247
-5.8162 10.0418
-5.5185 10.4398
-6.6528 10.7804
-6.4604 10.6177
-7.3075 10.7882
-7.9674 10.5240
-8.6022 9.9133
-9.7857 10.6293
-9.3625 9.8659
-10.4950 8.9541
-10.7940 9.7554
-11.8199 9.7570
-11.6144 9.3596
-12.3956 9.1475
-12.0939 8.4093
-11.5611 8.4589
-11.4976 7.1701
-10.8076 8.7428
-11.9399 8.5934
-11.3052 8.8075
-12.1269 8.9922
-12.0186 8.4479
-11.5469 9.3191
-12.5276 10.0968
-12.2405 8.7160
-12.9175 8.0548
-12.2532 9.1182
-12.7329 8.8109
-13.4673 8.1747
-13.8161 8.1210
-15.0216 8.3491
-15.6303 7.9119
-15.3726 6.2631
-15.2516 4.5013
-16.4770 2.4367
-17.6400 3.7533
-18.6370 4.0937
-18.2026 3.4982
-18.2141 3.4851
-19.0011 2.7072
-19.7326 3.7788
-20.2025 2.7253
-19.8729 3.8085
-19.3795 2.0593
-20.1569 -1.1249
19.7059 9.8561
20.1371 9.8521
18.9589 10.2112
19.0716 9.0988
17.8998 9.0715
17.1709 9.2203
16.6522 9.3964
16.6902 8.8420
16.4081 8.6400
15.3555 8.9916
15.2324 7.9534
14.0409 7.4324
13.3007 7.1677
12.6597 5.3011
12.7692 5.6553
12.1578 4.9641
10.9316 5.4562
11.4008 2.9889
11.7589 3.9079
12.1934 6.4814
11.4532 4.2313
11.2474 3.1321
9.9779 -0.8126
19.2078 10.2144
17.9140 10.4422
17.3301 11.3662
17.5995 11.7770
17.5209 11.1088
16.3367 9.9780
16.3298 9.2154
15.3173 9.1297
14.7997 9.7176
13.6583 8.3595
12.7549 8.6770
13.1813 9.1480
12.2631 8.5482
11.4881 10.1183
11.6971 9.7007
11.9289 8.6702
11.3876 9.6880
10.7239 8.8152
11.3413 8.7879
10.1645 7.9656
10.5331 8.3997
10.9246 8.5509
11.1452 8.7879
9.9721 9.2260
9.9428 8.6734
10.0300 8.0747
9.0579 7.4118
9.2673 8.4306
9.6337 7.7112
8.8241 8.2790
8.7542 8.4394
8.0847 7.0210
7.1480 6.5605
6.4315 5.3795
6.7459 5.7872
6.4691 6.4284
5.5943 6.6193
6.1929 5.7670
6.2413 4.0629
4.9742 2.9806
4.7502 3.7382
4.2968 5.9490
4.5166 6.4603
4.2278 6.4936
3.5734 6.6896
3.0327 6.9707
2.7996 6.3634
2.5842 5.6078
2.1558 5.0616
1.0104 6.1624
0.9551 6.5580
1.0224 8.0723
0.1586 7.0760
-0.5826 7.2873
-0.9401 7.4443
-1.9452 8.4125
-1.4504 8.0991
-2.2391 6.7310
-3.0285 6.8325
-3.3844 6.5302
-4.2921 5.2458
-5.2925 3.8905
-5.3750 4.9061
-4.9800 3.9689
-4.4797 6.3744
-4.6154 6.5704
-3.9437 5.1960
-4.9222 5.5565
-5.2706 4.6814
-5.3228 4.6286
-5.7109 5.7437
-5.0411 4.7333
-6.0566 4.0441
-6.6810 2.3344
-6.7962 2.3601
-6.6214 2.1852
-7.7802 0.1233
-7.4968 1.7799
-7.4587 -0.2353
19.4349 9.4912
19.3427 8.0629
19.6890 7.7579
18.8232 8.5724
19.0094 8.6298
19.3213 8.0640
18.0841 7.1348
16.8326 7.5616
17.3316 5.8535
16.5488 6.1395
16.4909 7.0887
16.4952 7.1152
17.0242 7.7738
16.8955 8.0847
17.4978 7.9027
16.6504 9.4371
17.2146 8.5774
17.7016 7.2380
16.9645 6.8312
15.8267 4.7713
16.3172 3.8698
15.0637 6.1985
14.3354 5.2988
13.9911 3.6284
13.3029 1.9894
12.7574 -0.1760
19.2391 9.7705
18.9885 9.0236
18.3755 9.4390
17.3515 10.5400
17.4434 10.9127
17.9238 9.6576
18.3544 8.8245
18.5341 9.1250
19.0060 9.4884
18.6069 9.5544
18.8331 8.7609
19.1751 8.5245
18.5448 8.4516
17.3181 9.2114
17.6498 9.9928
18.0152 9.9799
16.8849 9.5495
17.1436 10.5829
17.3899 10.1929
17.0253 10.7911
16.8486 10.5675
16.6637 9.9683
17.3016 10.9199
17.2545 10.5751
16.7003 10.8086
16.7111 11.2768
15.6221 11.7947
15.0839 11.0509
14.9582 10.5117
14.0193 10.0210
13.6105 9.3782
13.8565 9.5104
13.1680 9.3009
13.6154 7.6641
12.3874 7.8930
11.3694 8.2375
11.1873 7.1703
11.2791 7.6721
11.0019 7.5844
10.0560 7.2359
9.3758 6.2798
9.2280 5.0461
8.3640 6.1396
7.0933 6.1234
6.1790 6.0521
6.2124 4.4037
5.1273 5.7852
5.6953 4.0903
5.1165 2.4128
4.6818 2.0337
3.6310 -1.3281
20.5438 9.9511
20.9752 10.8437
20.1685 11.7061
19.7730 12.6151
18.7450 11.9635
19.2242 11.1576
19.7824 9.9960
18.8602 9.3499
18.9909 9.9026
18.3132 9.8012
18.9597 9.8113
18.0182 9.3240
17.8259 9.1204
16.6818 9.6555
16.1236 9.8577
16.6503 9.3345
15.9663 8.6859
15.1844 8.1341
15.2158 8.9440
15.7860 8.4568
15.3870 8.5824
15.9283 8.9881
16.3032 9.9269
16.1552 10.3712
14.8806 11.0916
15.4511 10.8917
15.3603 9.8041
14.2030 9.4995
14.6727 10.3134
13.5369 11.0647
12.9936 10.7124
11.6937 10.6186
12.1896 10.6185
11.6180 10.3758
10.5958 10.2740
9.8996 11.2030
9.0117 10.9424
8.4996 11.4767
9.1897 11.6711
8.5056 11.7733
8.6626 11.8733
8.0960 10.6791
7.3116 11.0379
6.5663 11.3496
5.3377 10.6885
4.7091 11.0614
3.4329 10.1163
2.8489 10.6615
2.3434 11.2363
2.0984 10.5672
1.4161 10.3450
1.0534 11.1513
0.3617 11.0853
-0.3466 11.4474
-0.2112 11.8163
-1.1973 11.8688
-2.0274 12.3802
-1.9189 12.8082
-3.0903 12.2583
-3.5265 12.0413
-3.4653 12.3639
-3.4571 12.0335
-3.1290 11.9004
-3.5860 12.4897
-3.2083 11.6915
-3.9624 11.9832
-4.9582 12.1132
-5.5926 11.7812
-6.5277 12.5287
-6.9497 12.9186
-6.7347 13.4390
-7.3427 12.7000
-6.7271 12.4270
-6.2602 12.7440
-7.4847 12.9877
-7.4579 12.7579
-7.6922 12.7688
-7.4424 12.1961
-7.0236 11.5485
-6.7029 10.9386
-7.0919 11.4143
-6.5387 11.9241
-6.7926 10.7739
-6.2590 11.2009
-6.8816 10.2805
-6.4165 10.5357
-5.9720 10.5574
-6.9255 11.3857
-6.5921 10.8913
-5.9000 10.7409
-6.6357 11.5986
-7.5556 10.7676
-7.5138 9.8424
-6.8701 10.0758
-7.1031 9.7663
-7.7064 8.9429
-7.1971 9.2747
-6.9668 8.2895
-8.0474 8.7698
-9.1811 8.7543
-9.1106 9.1659
-9.1781 9.5491
-9.8046 10.4616
-10.4577 10.1075
-9.8584 10.0480
-10.8288 10.8552
-11.8091 10.5065
-11.6503 10.4170
-12.7081 11.9257
-12.1272 12.4848
-12.6860 12.6460
-13.8858 13.1968
-14.8341 13.9035
-14.2271 14.3005
-15.4359 13.0744
-16.2938 12.8557
-16.7140 13.1834
-16.0973 13.0573
-17.0804 12.9585
-17.0219 12.2108
-17.5490 13.0972
-18.7730 12.2858
-19.4646 11.5474
-19.3158 10.8186
-20.3473 9.7780
-20.7264 9.6218
-21.8508 10.1202
-21.5794 8.7769
-20.9296 8.5422
-22.0831 8.1777
-21.9500 9.2194
-22.3884 8.0278
-23.5260 7.3381
-24.2745 8.5303
-23.6037 9.3709
-23.0556 8.5949
-23.6306 8.9777
-23.9337 8.1639
-24.8704 8.1742
-25.3668 6.8514
-25.0542 8.0717
-25.5102 7.3577
-26.3893 6.9664
-26.8823 7.0370
-27.1214 5.4765
-26.6201 5.7824
-26.7692 4.6807
-27.6291 2.6919
-28.2378 3.6093
-28.6374 3.8490
-28.4920 4.2062
-27.8187 3.0275
-28.4731 3.1001
-28.3750 1.1794
-27.6885 -0.3141
20.6120 10.0077
19.8987 10.6319
20.1376 9.7422
18.9990 9.0855
18.4706 7.5806
17.5819 7.5679
16.3109 8.3724
16.5176 9.1862
16.2398 8.5989
16.4247 7.5908
16.6064 5.7058
17.1998 7.0547
17.4297 7.5141
16.7880 7.4913
16.8135 7.5187
16.6463 7.3025
17.3190 5.6109
16.9877 5.4515
16.1952 6.5871
15.3950 5.0307
15.5840 5.6086
15.1816 4.3640
15.8652 3.1417
15.0905 3.2253
15.0292 2.7923
15.3968 5.7703
14.4499 6.6369
14.0914 8.3603
14.5495 6.2056
13.5086 4.8606
13.7250 5.8769
14.3542 6.4394
13.3476 6.2729
13.8978 6.6699
13.1953 6.4775
13.8683 8.3837
14.1352 9.4568
13.9370 9.9171
13.7351 9.1406
12.7732 8.5440
12.7939 6.7780
11.9079 5.9590
12.5587 5.2108
12.1595 4.5251
12.5332 3.0795
11.5811 0.9982
11.9116 -1.0366
19.0630 8.7426
18.9774 8.4938
18.7536 8.9237
19.2838 8.3765
19.7887 9.2461
20.3443 9.1017
20.7349 8.3226
19.8071 8.8480
18.6715 8.0262
18.5919 8.6555
17.8705 7.5160
18.0231 7.3974
18.0608 6.5991
17.6217 6.0021
18.2393 6.1476
17.7943 5.3717
17.9349 3.6397
17.7590 1.2510
17.7332 6.3704
17.5006 5.4817
17.7966 4.3123
17.9279 5.4533
17.7878 6.1061
18.3760 4.2927
18.5191 4.4186
18.0558 4.3999
17.7026 3.5425
18.2341 2.4307
17.6492 2.9767
16.5412 4.3885
16.3201 4.0127
15.0541 4.2388
13.8861 3.6762
13.7035 4.2465
13.5796 1.6689
12.9087 1.0175
12.2721 0.1420
11.2907 0.2999
11.6155 -4.6533
19.9114 8.7831
20.2945 8.0877
20.4618 8.2179
19.5747 8.4099
19.8491 8.8413
19.3473 7.8976
18.6945 6.7735
17.7026 7.8283
17.4172 7.6562
16.9048 8.2386
16.5569 9.0941
17.0161 9.2715
16.6579 9.9715
15.9847 9.6128
15.4514 10.4814
14.4536 10.1225
13.9269 10.2450
14.3604 10.3902
13.7304 10.8770
12.4345 11.1317
11.8279 11.2639
11.5584 11.3722
10.6717 11.8051
9.4478 10.9241
8.3609 11.0808
7.8216 11.3253
8.2650 11.9185
7.3027 11.0135
7.2679 10.8494
6.0942 11.2283
6.7320 11.3493
7.2837 11.9395
7.1590 11.2830
6.3358 10.1161
5.2621 9.7343
5.0430 8.3912
4.3698 7.6738
3.2333 6.5880
3.8890 7.9199
2.8575 6.6919
3.2476 8.6842
2.2504 8.3429
1.1611 7.8141
1.2726 7.2183
1.0987 7.9522
1.5528 7.9671
0.2820 6.5132
0.6849 7.1965
-0.4227 7.2789
-1.5588 7.4359
-2.3012 6.5113
-3.3111 7.2135
-4.1508 7.2586
-4.6464 7.0238
-5.2377 6.0380
-5.7348 3.6423
-6.1595 2.7843
-6.1718 2.1045
-6.7487 3.9112
-7.8421 1.7593
-9.0418 3.9599
-9.0314 2.4627
-9.6774 4.9735
-9.9478 5.9129
-9.3128 7.0480
-9.9663 7.7491
-9.3612 7.1763
-9.5615 6.1867
-9.0662 4.1099
-9.0601 5.0603
-8.9963 5.3023
-8.9328 7.8973
-9.3464 8.5556
-9.9612 7.4757
-9.7138 8.1105
-9.2291 7.1620
-8.8202 5.4935
-10.0233 6.7375
-11.1699 5.5252
-11.7529 3.7620
-12.8412 4.0674
-13.0110 4.0082
-13.9849 6.3076
-14.9014 4.5306
-15.7845 4.2203
-16.4366 4.2575
-16.5287 0.7232
-16.7345 -0.0069
20.1057 9.0077
19.7365 8.3102
19.9814 9.5232
19.6336 9.8369
19.0264 10.8070
18.8538 11.2957
18.1353 10.3546
17.7420 9.6630
17.3411 9.0119
16.5615 10.3713
16.9524 9.4094
16.0041 9.4379
15.8752 10.8120
14.9716 11.3190
13.7862 11.7558
13.4692 10.5892
12.7207 10.6226
13.0982 10.5885
12.2476 10.5092
12.1848 11.5168
11.6617 11.3336
10.8902 9.7375
11.4468 9.2259
11.8110 8.0936
11.3865 8.4025
10.7210 9.7084
10.6662 9.7951
10.6020 8.8204
10.1924 9.2951
9.7840 9.2751
8.9942 10.0806
8.6034 10.8046
8.8304 9.4535
8.9618 8.6285
8.1817 8.6032
8.7170 7.6297
9.1280 5.5727
9.5470 4.3524
10.1514 4.7611
9.3015 3.6171
9.2228 1.5088
8.8484 3.3158
9.4175 1.0831
9.3682 2.9943
8.4650 4.2528
7.6841 4.5171
8.1694 3.4475
8.6518 1.4363
7.4329 0.0342
7.4162 -0.7611
20.0215 9.6527
20.1266 9.0008
19.7212 8.8670
20.2965 8.4700
20.1520 7.2810
18.9118 8.0031
19.4865 8.9657
18.3591 8.9427
17.0935 8.1317
17.3347 7.0609
16.0715 6.6062
15.2950 6.4671
15.3613 6.9656
15.5589 6.7409
15.2524 7.2513
15.1493 7.9495
14.2762 8.2359
13.2285 8.9060
12.7677 9.2627
12.7567 8.1515
11.4685 7.8426
10.9627 8.3712
11.5725 9.6383
11.0383 9.8630
10.1244 10.3336
9.4683 9.8624
9.0994 9.8756
8.0455 8.7027
8.1994 7.8420
8.8431 7.0075
7.7807 6.3385
7.5645 6.0926
6.7621 5.4366
6.6466 4.8569
7.0872 6.3876
6.9692 5.9528
6.2667 4.6808
5.8150 4.7452
5.8551 4.0831
4.8293 3.5594
4.8058 2.0089
5.4865 0.7019
4.7364 -2.9013
19.6533 10.3636
19.2278 10.7004
18.8131 9.9923
18.9755 8.1730
18.8440 9.3655
17.7323 9.5615
17.1791 9.0924
17.1726 8.6092
16.8344 9.4266
16.4323 9.0993
15.4063 8.7271
15.9176 8.5066
16.5013 7.8148
15.4917 8.5284
14.5364 8.5144
14.7026 8.9542
13.4808 10.1010
14.1737 10.3868
13.8909 10.3984
14.5726 9.7784
14.4789 8.7107
13.1849 9.1689
12.7880 7.6049
11.8086 6.4525
12.3673 6.0784
12.5119 4.6684
12.8275 3.1222
11.7290 1.8559
10.8320 -0.7311
20.5143 9.7831
20.6953 8.1494
20.4849 8.0131
20.4323 10.4787
20.6175 10.8762
20.9493 9.4846
19.7213 8.4427
18.9568 8.4338
18.5064 8.9451
18.1286 8.3068
16.9801 7.7645
17.2118 6.3553
17.1883 4.3561
16.5225 3.1076
16.6915 0.0602
15.6226 2.6230
16.0551 2.8275
14.9841 2.5998
14.7059 1.1739
14.3987 5.5114
14.4658 4.4288
13.6417 3.6477
13.3938 4.9960
13.0363 4.1873
11.9794 2.4335
12.5381 -1.9699
19.1712 9.9550
19.5908 9.8063
19.9872 10.1807
20.2825 10.8048
19.0929 10.9329
19.6492 9.5370
18.5024 10.0761
17.4955 8.4666
16.6998 8.0015
15.8437 8.0814
15.5346 8.3351
15.7346 7.8301
16.2120 8.3181
15.6503 8.4902
14.6343 8.1815
13.8379 8.6191
13.8485 8.4801
12.8882 8.8232
13.5441 8.1527
14.0183 9.9954
13.0831 9.4160
12.8865 10.4245
12.7777 10.7937
11.9534 10.0591
10.9256 10.0735
9.9066 9.2809
10.0535 8.8080
9.1122 9.3718
9.7377 9.9579
9.7539 8.7131
9.0410 8.4739
8.5206 8.3001
9.0118 9.2570
8.0345 8.9831
8.5080 10.1743
9.0771 9.0369
8.8553 8.4615
9.3207 8.4623
9.8571 7.0622
8.7034 6.6884
9.0810 5.9572
8.8965 7.1237
8.7908 7.7032
8.6174 7.6008
7.4831 7.4260
7.2137 9.2034
6.0799 9.7825
6.2880 9.1893
6.7759 8.5705
6.6995 9.1044
6.7532 8.9543
6.9740 8.1364
6.1696 8.4212
5.0551 9.7966
3.8220 9.6905
3.1547 9.6866
2.8482 9.9436
2.1591 9.5238
1.3154 9.8535
1.8688 8.7111
1.3244 9.2010
1.6480 9.2002
1.0335 9.1709
0.6826 9.6126
0.2821 8.0896
0.9556 7.7704
1.5643 5.9357
1.1854 4.7918
0.4403 6.4002
-0.3435 6.7435
0.0720 4.7416
0.4475 5.7391
-0.4731 5.8735
0.0084 5.0701
-0.6897 4.0200
-0.2335 3.4712
-0.7144 2.3942
-0.8738 2.5051
-1.5651 4.0585
-2.7430 3.8223
-3.4401 3.3093
-3.5113 3.4900
-3.9567 -0.1175
18.9166 10.0131
19.5397 9.6973
18.5776 8.4260
19.0336 8.6374
18.7435 8.3125
17.8191 8.9606
16.6201 8.1332
16.2119 8.2278
16.6247 9.4933
16.0871 8.6794
15.6270 8.3326
14.6561 8.4335
14.0728 8.8623
12.8771 7.3751
11.9804 7.6572
12.2034 7.2441
12.4000 7.8389
12.4046 6.8463
11.3240 5.3815
11.9469 6.0341
11.0949 4.5310
11.5462 2.8759
11.9586 2.5452
10.9446 4.4799
9.8385 3.1684
9.8650 5.6821
9.7036 6.0968
9.0167 6.1239
9.0183 6.5848
9.6194 9.0141
10.1555 7.3564
10.4986 8.0215
10.3036 7.7270
10.9564 7.6037
9.8701 6.3966
10.0686 7.3805
9.9266 5.8206
9.6992 5.8635
8.6637 6.6583
7.9741 7.2587
7.6550 6.6474
8.2071 7.2037
7.5365 4.9630
6.4946 4.7015
6.5041 5.0952
5.7741 4.2885
5.8116 2.2495
5.9054 1.8977
5.3333 2.1165
5.7975 -0.6677
19.8544 9.0077
20.1960 8.1941
19.8069 8.1014
19.8816 6.4847
19.5914 7.6846
19.2455 8.0101
18.6804 7.4890
18.6107 5.1918
19.1443 5.4674
19.3880 5.2375
19.9356 4.4507
19.0333 5.5722
18.6737 5.4486
18.0917 6.5077
18.2951 5.3595
17.1087 4.1277
16.0371 3.3284
15.2955 2.2504
14.1133 4.1582
13.7341 2.8421
14.2740 2.0461
13.9042 -0.2112
20.0235 8.9531
20.3713 8.0360
19.8365 7.9887
18.7963 7.6634
18.5634 7.6470
17.6129 7.4659
18.2704 7.2540
18.7987 6.5158
18.6669 5.9742
18.8909 5.8551
17.9812 5.7003
16.9910 5.2126
17.2374 5.5252
16.6847 4.0937
15.4031 1.7913
14.7121 1.3322
14.8204 3.6926
13.9703 2.5889
14.5219 3.2455
13.2740 2.7460
12.4607 3.6171
12.6372 3.9272
13.3163 2.3717
13.8031 1.3704
13.8409 -0.3046
20.4948 11.1811
20.2661 11.5858
19.9651 11.1918
19.2878 11.2354
19.1008 10.7155
18.3536 10.3586
17.3896 9.8091
16.2104 11.0082
15.1238 11.2666
14.8348 11.0353
13.7215 10.9804
12.6416 11.7987
12.8655 10.6461
12.1631 10.1669
12.6517 9.2584
12.7681 8.6266
12.2330 8.7108
12.2449 9.5355
12.5157 9.8248
12.6909 9.6625
12.3410 9.7299
11.3497 10.6393
11.2955 10.9890
10.6706 11.5611
10.7050 11.1030
10.2638 12.1996
9.0096 11.8522
7.8221 11.5333
6.6117 11.0428
6.7429 11.1624
6.3493 11.3678
5.3747 10.8480
5.8515 11.2327
4.6947 12.1658
5.1560 11.2901
5.8452 10.7013
6.2983 9.8902
6.6519 8.8326
6.0098 8.1131
5.9885 9.1279
6.5158 9.9314
6.5866 9.8046
5.8497 9.4254
4.5864 9.6593
4.4515 8.8903
3.5195 9.3518
2.9203 9.3893
3.1268 10.1969
3.8024 11.1089
3.0315 11.1175
2.0789 11.7282
1.2322 11.5772
0.2212 12.1499
0.5650 11.3298
0.8036 10.7257
0.5258 9.0881
0.2028 9.6453
-1.0589 9.2407
-0.9852 9.5006
-0.4640 8.3067
-0.2534 7.6420
-0.9212 7.0712
-0.4440 6.9396
-0.9339 5.8966
-1.6371 5.9044
-1.2182 5.3530
-2.1430 5.6283
-3.0770 5.7713
-2.8661 4.9736
-2.7273 5.2385
-2.4171 5.8215
-2.1095 6.3977
-1.9407 6.0345
-3.2359 5.3990
-2.6316 4.6795
-2.4654 3.2462
-3.0268 4.1125
-2.4952 3.5230
-3.5120 2.6095
-4.0574 -0.8813
19.0536 8.3663
18.3747 8.9979
18.5563 7.9504
17.8590 7.8736
18.0594 8.0882
18.3372 7.5303
18.4805 7.1824
18.6148 6.4825
18.0422 5.3470
18.1338 5.3581
18.5759 4.7631
17.9280 4.2975
18.3209 3.1822
18.0147 4.8999
17.1123 7.5595
16.0531 8.4133
16.1195 8.9281
15.4575 7.8662
14.5729 7.6130
14.6243 5.9933
14.4265 6.4550
13.4254 7.0643
13.4161 8.5644
12.1182 9.1340
12.3205 8.5447
13.0091 8.3866
12.1665 8.6791
11.2130 7.7359
10.0869 7.1492
10.7267 7.4149
10.3236 7.4084
9.1845 8.6724
8.6472 8.5291
7.8617 7.5233
8.0798 7.9628
7.9625 7.5526
7.7492 5.6451
6.8741 2.8625
5.9069 4.9929
6.5691 2.2985
6.7855 2.2194
6.8811 0.9806
7.0158 6.1341
5.9104 4.5882
5.8628 4.8907
5.7429 6.8326
5.0956 6.3709
3.8328 6.2235
4.2390 6.6817
4.0058 7.8468
4.1854 7.9468
4.8095 6.7963
5.0837 6.6383
5.6265 5.3697
4.5425 6.3042
3.9272 5.5892
4.1955 4.9334
3.5766 4.1960
3.3451 4.6654
2.5643 6.0707
1.9163 4.2242
2.0384 5.0927
1.2014 4.9395
0.1159 7.0567
0.2485 7.5018
-0.4843 8.4700
-1.0614 7.8026
-1.4412 8.2531
-1.3079 8.3520
-0.9328 7.4919
-0.2564 9.0215
-0.0860 9.8937
-0.0724 9.1655
-1.0149 9.3211
-0.8087 10.0170
-1.9263 10.7070
-3.1150 9.7235
-2.6514 10.0839
-3.9303 9.9745
-5.0656 9.8656
-5.9163 10.1326
-6.5398 10.0310
-7.5929 8.8676
-7.5668 8.4998
-8.3565 6.9651
-9.5881 5.3172
-10.5125 5.1066
-11.4483 6.3319
-12.1127 6.0155
-12.3332 4.9886
-11.9012 5.9388
-11.3734 5.7022
-12.2563 5.4368
-11.7715 6.1258
-11.7187 4.3180
-12.7866 4.4751
-13.7488 4.7468
-14.6888 5.1510
-14.7846 3.4510
-14.2744 3.5454
-15.0611 4.2830
-15.8733 2.4042
-16.6023 3.8161
-15.9706 2.0794
-15.4706 1.1140
-14.9867 0.7284
-15.3159 1.8554
-15.9620 6.0828
-15.6925 4.9862
-15.7945 4.7105
-15.3307 2.6333
-14.7520 -1.1198
19.4422 9.7764
18.4672 8.9854
18.9924 8.7928
19.5772 9.2160
19.6944 7.3417
18.8017 4.7889
17.7361 5.3188
18.2357 5.2206
17.7915 3.0192
17.2458 3.3406
17.9067 2.2734
16.6163 4.1119
15.7261 4.4607
15.2040 5.0362
15.0317 5.4571
13.8881 5.7444
13.7402 5.5019
12.9677 4.8132
12.7564 5.3815
13.1119 3.9082
12.2688 4.5604
12.6544 4.8560
12.9877 4.9675
11.7094 4.6608
10.7407 3.3848
10.0438 1.1069
9.5587 -0.3313
19.4624 10.7436
18.7009 10.1770
19.2532 10.6338
19.6756 10.9307
19.7079 10.5091
19.1338 9.9640
18.6773 10.9573
17.6494 11.1894
17.0637 10.8214
16.2596 11.1688
16.3655 11.6218
16.1931 12.0772
15.4046 12.0019
14.9578 12.3534
14.6061 11.8927
13.8646 11.9760
12.9777 11.0801
13.6283 9.6633
12.5459 9.6127
11.7900 9.0026
11.7761 8.9400
12.4147 7.9188
11.3430 5.7408
10.3899 4.4849
9.3318 3.6546
8.1164 3.2989
7.5362 3.9217
7.0329 3.0692
7.2961 2.5221
6.7645 2.9223
6.4332 3.2845
5.8009 2.0031
5.5411 4.4371
5.2986 4.4619
4.3194 3.7609
4.4843 2.2937
3.4497 3.9861
3.1576 3.9328
3.2487 4.2034
2.2336 4.4028
1.0517 3.8309
0.9923 0.6292
1.2802 -1.8466
20.3678 10.6641
20.0313 10.2783
19.0446 9.3771
19.0206 9.5525
17.9068 10.0161
18.1095 9.4919
17.0312 10.1991
17.6092 9.5819
17.9910 8.8907
18.2851 7.7797
17.6980 7.1121
18.3695 7.1865
18.7840 6.3144
17.7435 7.2521
16.5116 6.8259
16.7765 5.5053
17.2224 3.8991
17.0329 5.4789
17.4233 4.3617
17.8286 2.3635
18.0694 1.6733
18.7413 1.4743
18.3392 2.3287
17.1916 4.5694
15.9411 6.6940
14.8145 7.0681
15.4805 6.6089
15.0210 5.3120
14.9863 4.8502
15.3251 3.4539
15.9862 1.1894
15.2021 2.5159
14.1567 3.3615
13.8335 4.1987
13.4460 4.4425
13.2497 3.9754
12.3000 4.0704
12.5633 4.2988
12.4498 3.0736
11.6345 1.3415
11.6194 0.9181
10.4527 1.3778
10.1749 2.5362
9.2993 -0.2764
19.2145 10.8002
18.3977 10.9045
17.3917 10.9187
16.2759 11.1835
16.2082 10.5610
15.4398 9.9396
16.1309 9.2271
16.4499 8.9562
16.4927 7.5627
15.2369 6.7492
14.1560 7.2104
13.3173 6.4798
13.4552 6.0400
12.4863 6.0209
13.0229 5.4238
13.5577 5.4306
13.7071 4.8424
14.3190 2.9568
14.5700 2.8252
13.4949 2.9092
14.1847 4.6088
14.0288 2.1212
13.3290 2.3570
12.5907 5.0585
12.1759 4.2560
11.5236 3.5855
10.2655 2.9154
10.2409 3.6623
9.8690 2.4466
9.8940 1.9956
9.4109 2.9443
9.1459 3.6084
9.1718 5.1702
8.2706 4.9060
8.8063 5.3136
7.7571 4.4523
6.7810 3.7958
6.6428 4.9279
5.6261 5.1131
5.7373 3.9685
6.1837 2.0796
6.0722 1.4865
5.6331 1.9213
4.8487 2.2007
5.3457 -0.6228
19.4187 9.3606
18.6661 10.3248
19.1056 11.1292
18.7799 10.8482
18.8273 10.8052
18.8176 9.5472
17.6256 10.0327
17.8043 10.0655
16.7539 9.9425
16.7502 10.4377
15.8179 10.8911
16.1110 10.7970
16.1243 10.4798
14.8701 9.4586
15.3103 10.4031
14.2434 10.3956
13.2967 11.2087
12.3890 10.9149
12.9297 10.2333
12.9504 9.5934
12.8295 9.8495
12.0323 8.1069
12.1973 7.8899
11.0483 7.2913
10.1890 7.0803
10.8390 8.5192
11.0499 8.5726
11.4763 9.4845
11.3878 8.3922
11.0644 9.0728
10.7443 9.2024
9.8599 10.0929
9.7962 11.0973
9.0704 9.4410
9.4910 8.6645
8.6329 7.6832
7.3398 7.7128
7.1922 10.0319
7.6700 9.8185
7.6102 8.5491
6.7221 8.8245
5.7290 8.0814
6.1873 7.1279
5.7526 7.0080
5.2703 6.4411
4.0207 4.4714
2.7345 2.6939
2.3242 3.9000
2.5422 5.4032
2.1399 5.6468
2.5031 3.8209
2.8340 2.6609
3.4815 3.3672
2.9221 3.1665
1.6417 2.0484
1.6617 2.7823
1.8698 5.0270
2.0310 4.1992
1.8079 3.6932
1.4396 4.6273
1.8565 4.2621
0.6916 4.0279
1.0240 2.2856
1.7150 2.6964
1.1311 -0.0163
20.3340 9.6986
19.7922 8.5294
19.8379 8.2343
20.1658 8.0832
20.3856 8.1426
20.8893 8.7924
19.7473 7.0984
18.7167 6.4186
18.0685 7.3938
16.9110 7.5497
15.9045 8.1879
16.0948 6.9764
15.5277 6.1195
14.4895 4.9995
15.0454 6.3461
15.6791 5.8954
16.3761 5.4741
15.8577 5.2751
14.5908 5.4920
14.1400 6.6150
14.0028 6.1075
13.8018 6.3627
13.8883 5.5276
13.0109 6.5420
11.7372 6.9784
11.9442 5.4761
12.3061 6.5943
11.2059 6.4982
11.0570 6.9672
10.9669 7.2098
11.1260 6.6738
11.0258 6.5943
10.3874 6.6319
10.4478 5.9603
9.4461 4.8985
10.0445 5.6904
9.1897 3.7588
9.7944 4.8299
9.6071 4.0936
9.4643 2.5095
8.6721 4.2827
8.9390 3.6092
8.1865 3.5749
7.8482 5.1492
7.5219 3.1489
6.6983 1.2786
5.4422 1.2208
5.9599 1.5784
6.6168 -1.9405
19.7506 8.8349
18.6692 9.0297
18.8175 8.4054
19.0924 9.1016
19.5843 8.8698
19.8124 9.6640
19.7786 8.8959
20.2872 10.0184
20.6888 8.9194
20.4923 10.2849
20.1025 10.9603
20.5359 10.8224
20.0947 11.1367
19.9940 11.1510
20.2670 10.2606
19.7348 9.9877
19.7105 10.4418
20.3747 11.5462
20.1619 12.2037
19.7148 11.0080
19.3766 11.7069
19.3678 11.2646
19.3064 11.9330
19.7046 11.3216
19.4602 10.4383
18.7710 10.8741
18.6546 11.7719
17.6924 11.6498
17.4158 10.6963
16.3470 9.9716
16.0114 9.6996
16.3156 9.8307
16.9586 7.9998
16.7018 7.8578
16.5933 6.9515
16.4553 8.0948
15.2860 6.9465
14.1292 6.6989
13.5942 5.2268
12.8101 3.9620
13.1023 5.3646
12.0343 4.7999
12.4787 5.4739
12.8651 6.4433
13.4399 6.1518
12.6860 6.8307
11.4092 6.1536
10.4481 5.1937
9.2111 5.7981
9.0629 7.4222
7.8020 7.5978
7.7308 7.0816
7.1212 6.7342
6.5199 5.7366
7.2017 6.5160
6.6570 5.8838
6.4333 5.5820
6.8360 3.3786
6.2139 0.8392
5.1951 0.2710
4.8284 -1.9417
20.0868 8.9373
19.2299 8.4291
18.1304 9.0696
18.7065 8.6353
19.2310 8.1504
18.6048 8.5271
17.5700 7.9529
16.5519 7.2845
16.4547 5.5784
16.9840 7.7499
16.2261 6.8116
15.9471 6.7085
15.6243 5.8001
15.3520 6.0144
15.6456 5.4259
14.9617 5.6323
14.4755 4.9404
14.2386 3.4881
14.7753 5.0208
13.9761 5.3390
13.8234 4.0914
13.9882 5.2254
12.7357 5.0274
11.5486 4.1818
10.3037 2.9683
9.2832 2.4206
8.6515 -0.6005
19.3811 9.5055
20.0415 9.3814
19.3293 9.8773
18.3448 9.0309
17.8343 9.2134
17.3908 8.6502
17.8120 8.8329
17.7105 8.2120
17.1652 8.1327
16.5041 8.7578
16.9328 8.9124
17.4161 8.7113
17.3529 8.9230
16.3234 7.5222
16.3715 8.1352
16.3191 8.0121
16.7327 7.0641
16.8263 6.7608
15.9921 7.2731
14.7307 8.1544
14.9718 9.4183
13.9045 10.2191
13.6384 9.4996
13.3593 10.1710
13.0051 8.7330
13.4636 9.0472
13.1527 8.4961
12.0598 8.9780
12.3155 9.6541
12.8103 10.0009
12.8725 8.8560
12.3231 10.0486
12.2223 10.7259
12.2973 10.0123
12.0452 9.0545
10.9193 9.0733
10.5352 8.6799
9.3881 9.0922
8.9595 9.2005
8.0145 9.1668
8.0700 8.5742
8.0392 8.4287
7.9193 8.2133
8.2405 7.8707
8.1033 8.0093
7.4929 7.9781
6.5887 9.0774
7.0767 8.8488
6.1808 9.4207
4.9105 8.7197
5.1992 9.1131
5.4982 9.2769
6.1098 8.2583
6.4039 7.0461
6.4746 7.2157
5.5212 9.2782
4.2256 8.2136
4.9203 8.6063
3.8142 8.9187
4.1018 9.8197
4.2633 10.3951
4.9478 10.3352
4.6336 10.1612
4.5842 9.9136
4.1470 10.4495
3.2478 11.4126
3.2789 11.8324
3.8919 12.4875
3.8923 12.7848
3.2643 12.5511
2.0253 11.7622
1.8246 11.2046
0.9727 10.0082
0.6336 9.4457
0.3396 8.0825
0.2174 7.1133
-0.5197 6.8161
-1.3776 8.1000
-0.8196 7.4178
-1.0310 7.3894
-0.6980 8.5438
-0.2788 8.5260
-0.0323 8.4591
-1.0369 8.1104
-0.4082 7.9245
-1.5608 8.0750
-1.6607 7.6845
-2.3933 7.6250
-3.5476 7.0452
-3.6383 7.2735
-3.4535 7.9012
-3.5758 7.9442
-3.5094 8.3731
-4.4518 9.2494
-4.0461 9.3607
-3.6298 9.1156
-3.1374 10.1780
-2.5199 9.1350
-3.0076 9.7681
-4.2663 10.4087
-5.5057 9.9057
-5.0355 9.9163
-6.1065 9.1807
-7.1123 9.1332
-7.1373 8.1067
-6.7925 7.9766
-7.6648 7.4760
-8.1655 6.5593
-8.0190 6.0651
-8.4329 5.0607
-8.6717 4.9553
-8.8461 5.6161
-9.3371 2.8631
-10.5567 2.1152
-11.1347 1.1034
-12.3847 1.3419
-12.9903 3.4293
-12.6973 2.2101
-12.6168 2.3008
-13.5136 0.8844
-14.7047 -1.7273
19.4945 9.3697
18.9028 8.2344
18.2787 7.3944
18.6659 7.2927
18.4409 7.4516
18.9415 5.8481
19.3661 4.3835
18.3603 5.2595
17.3182 4.9122
16.1854 5.9556
16.1699 4.9354
15.3869 4.0959
15.1847 4.4425
14.9417 6.4908
13.8387 4.2239
13.0041 4.6533
11.9816 6.5452
11.4975 5.1363
11.5065 5.9369
10.3246 5.8862
10.3059 5.2579
9.3468 3.5560
8.5539 2.5800
7.5725 3.2947
7.8328 5.1053
7.5448 5.4493
6.6827 5.4083
7.3032 5.7528
6.0733 6.0068
4.9935 5.6653
4.1074 6.8758
3.9333 5.8769
3.6780 6.1854
2.5011 4.4063
3.1494 3.8276
2.3135 2.0487
2.3618 -0.2812
20.5945 8.6404
20.8413 7.7484
20.8469 7.1474
21.5449 7.6955
20.8529 7.6553
20.5386 9.4100
19.7475 8.4008
18.7806 8.2496
19.2705 8.0677
19.6820 8.1293
18.5334 8.5424
18.9302 8.3839
17.7141 7.2067
17.0325 6.2032
17.3738 5.1233
16.6546 5.9497
16.6143 7.0707
16.0258 6.8536
16.5461 7.9501
15.3167 8.6967
15.7491 9.3604
16.1199 8.3983
14.8317 6.8589
14.0551 5.9159
13.9224 5.5881
14.3642 6.4074
14.5033 5.7793
14.4371 8.0239
14.3732 7.9091
13.2512 7.6510
12.3257 7.3552
11.0642 7.4371
10.9823 7.6406
10.4886 7.4442
10.9386 7.1858
11.3051 6.1063
11.2483 5.8126
11.1667 5.8251
10.2769 5.1788
9.3533 5.9207
9.7585 6.1434
9.0635 5.8261
9.3074 5.6401
8.4725 4.8719
8.5409 2.9519
7.9729 1.0955
8.3185 7.2612
7.9734 8.3743
7.1067 9.2862
6.8041 9.1156
6.9834 9.7728
6.1986 8.2195
6.7363 10.0053
7.0919 10.4985
6.7770 11.0188
6.8664 10.9821
6.8704 12.2078
6.7953 13.5900
6.6858 13.6604
5.8586 13.1859
5.7595 13.9359
5.8203 12.5675
5.2851 12.6403
5.6036 12.9851
6.1228 12.4747
5.8173 11.7451
5.8992 11.2821
4.6993 12.0707
5.3649 11.1434
4.5497 12.4905
4.1798 12.6386
4.5053 12.7594
4.3091 12.3977
3.6829 12.3264
3.3708 13.3683
3.1172 12.4238
3.7187 12.8104
3.7325 12.8959
3.3784 12.5550
2.7093 13.7017
3.1818 14.0914
2.9287 14.0160
1.8663 13.2225
1.8338 12.0003
1.1574 13.0802
1.4528 12.7643
1.4278 11.7933
0.5662 12.3566
-0.1167 11.3733
0.0531 10.8596
-1.1662 10.6915
-2.1487 10.4557
-2.5987 9.7662
-2.2346 9.5866
-2.3025 10.3314
-2.7620 11.0580
-2.3548 11.4323
-2.6239 11.9201
-2.1890 12.0613
-2.8113 12.1550
-2.2408 12.9199
-3.2058 13.2409
-3.2351 13.8321
-2.7799 13.2764
-2.6230 13.4786
-2.3225 12.5319
-3.2731 12.9819
-2.8285 12.2083
-2.8048 11.3697
-2.5614 11.8034
-1.9626 11.1552
-1.9669 10.2384
-2.7504 10.9043
-3.6343 11.5989
-3.2361 9.9579
-2.6983 10.0873
-2.9061 10.4850
-3.1211 10.4067
-4.3690 10.2383
-4.2260 10.9374
-3.9820 10.8038
-4.0166 11.6768
-4.5737 11.9210
-5.7140 10.7691
-6.5868 9.4604
-7.7325 7.8908
-7.4792 6.9236
-7.4413 6.3878
-8.5308 5.2035
-8.6205 6.1988
-9.0336 7.2705
-9.1584 6.1111
-9.9492 6.6095
-9.6780 6.4355
-10.1374 5.3839
-9.7887 5.1594
-9.9665 5.2191
-10.7713 2.6872
-12.0485 3.4591
-13.2456 3.3295
-14.2229 2.6960
-14.1177 0.5590
-13.4970 5.1172
-13.4746 6.1713
-13.0986 5.4056
-14.0341 6.2649
-14.1104 4.4157
-14.5675 4.3642
-15.4583 3.9436
-15.2469 4.2100
-15.2376 1.3175
-15.9800 -1.3868
18.9355 9.0552
18.5530 10.6790
18.1449 11.4937
18.7478 10.9604
17.9238 12.2266
16.7351 10.9202
15.8251 11.7777
14.7372 10.6326
14.0824 10.7274
13.2635 10.4914
13.5637 8.8943
12.5430 9.1454
12.3185 8.7633
12.3614 9.4419
11.5544 9.0263
11.2225 8.4723
11.3641 6.9097
10.8474 6.0462
10.7212 5.8197
9.4305 7.2799
8.1473 5.0102
8.3007 5.2547
7.9916 5.2167
7.7628 4.6833
8.1168 5.1363
7.3201 5.4285
7.4248 3.9938
6.6290 3.2657
7.0940 3.0125
7.2584 4.1997
6.6178 6.1302
6.4141 6.4889
5.5090 6.2225
6.0607 5.2978
6.6277 5.9621
6.5394 5.3658
5.7290 6.8056
5.2631 6.4777
4.8929 5.0703
5.1595 5.5070
5.4598 6.1580
5.8768 7.0951
6.2651 6.9616
6.9359 7.0476
6.0022 6.6187
4.8788 6.1274
4.3376 6.0184
3.5603 5.9644
3.1857 8.0251
2.5419 8.0536
3.0756 8.3208
1.9019 7.0804
0.8896 7.6523
1.5441 8.4184
1.4066 9.6761
1.9160 9.4329
2.0706 8.5795
1.5091 8.3359
1.5809 7.8774
1.0432 9.6858
0.9622 9.1663
1.0675 10.2248
0.3422 9.4636
-0.1310 10.2377
-0.4080 10.3149
-0.0413 10.2944
0.5189 10.2675
-0.7782 9.4988
-0.2343 9.5779
-1.1903 10.6935
-1.8272 10.9766
-1.9960 10.2712
-2.7351 11.3442
-2.0422 11.2811
-2.7673 11.4421
-2.3284 11.5027
-2.5544 10.6915
-1.9792 9.9321
-3.0548 10.0364
-3.4478 10.2809
-4.6644 9.3365
-5.7326 8.8507
-5.2860 9.2252
-5.6344 9.8800
-5.5553 10.7678
-5.6283 10.6867
-5.2590 11.9441
-4.9058 11.7382
-5.2773 12.9095
-4.8304 13.1780
-4.5862 13.3282
-5.2387 13.3995
-4.9592 12.6636
-5.9268 13.4647
-6.5992 12.5289
-6.6394 12.2490
-6.2448 11.7627
-6.6828 10.7176
-6.9863 10.1332
-6.6741 10.2399
-7.8069 9.5407
-9.1049 11.0321
-10.0068 11.5313
-10.6932 11.3723
-10.4344 10.6108
-11.5414 10.5065
-12.3678 10.7409
-12.6592 10.6552
-13.0988 11.0411
-13.0140 12.4690
-12.4486 12.9496
-12.9958 13.1417
-13.7408 13.2857
-14.9335 13.7755
-14.4831 12.9304
-14.2223 12.0411
-14.5939 12.2889
-13.9636 11.3462
-15.0573 11.2676
-14.9386 9.9004
-14.3230 10.0149
-14.8015 8.9055
-14.2050 9.4832
-15.0852 7.8849
-15.0804 8.5268
-14.7959 8.4789
-14.3492 8.3243
-15.4099 8.0806
-16.6889 6.2126
-16.7152 6.4873
-17.4075 6.5798
-18.2044 7.6122
-17.7814 7.7247
-17.9094 7.2342
-17.2346 9.0859
-17.3782 8.1617
-18.4738 7.4819
-19.5152 8.5373
-19.5475 8.8646
-19.9929 8.8681
-19.3029 7.8055
-19.5869 7.3867
-20.3366 6.6222
-21.0063 8.3786
-21.2443 8.9578
-22.5044 9.4440
-22.1862 8.9492
-23.1018 9.3831
-23.6222 8.3683
-24.8234 7.8028
-25.4217 7.0578
-26.2582 7.0681
-25.6659 7.4727
-26.0125 6.6740
-25.9451 8.0437
-26.5865 8.0165
-27.8310 6.2340
-27.6662 5.4177
-28.7689 6.4772
-29.1810 5.0979
-30.3938 5.2971
-30.2980 4.2122
-31.0769 5.7367
-31.5114 5.9758
-32.6276 5.0858
-32.4246 4.7612
-32.6667 3.7944
-32.0395 5.2247
-32.8719 3.1599
-32.5063 5.3404
-32.0702 3.2125
-32.6627 1.6662
-32.5809 2.0449
-31.9013 2.5394
-32.5026 3.5355
-33.1869 1.9594
-33.4176 -0.9739
19.1327 9.8316
18.0751 8.4103
18.1053 9.0939
17.3256 8.8547
17.1218 8.4216
15.9874 7.8077
15.1020 8.8083
15.5800 7.9849
16.2163 7.5395
16.7852 6.4698
17.3404 4.2902
17.5340 3.8392
17.3262 1.0963
16.4866 5.3804
15.3357 5.2390
14.1889 5.2577
14.2872 5.3686
14.3209 5.0147
13.1801 6.2725
12.9101 7.2446
12.5911 8.0910
11.3933 7.9872
10.1425 7.1307
9.9930 6.8572
10.1568 5.7929
10.6956 4.9878
10.9025 4.6428
9.6542 3.7992
10.0167 2.9996
9.7773 2.6856
8.8133 0.5366
8.6084 2.4358
9.0671 3.3308
8.5847 5.3328
7.5941 4.1487
7.2753 4.1323
7.6116 4.3866
7.2152 3.5240
6.1510 2.4645
6.6391 4.5439
6.3930 6.2782
6.7969 5.9567
6.5876 6.7836
6.1253 6.6307
6.2826 6.6953
5.5633 6.1831
4.9943 6.1490
3.8122 5.8789
2.8246 6.4336
1.9858 8.4537
1.1871 7.2396
0.8288 6.1188
-0.3610 7.4730
-1.3973 6.6902
-0.7230 6.9004
-1.8089 6.4262
-2.7950 7.4767
-2.9637 7.3077
-4.2239 7.2623
-4.8834 8.0826
-5.7987 8.5887
-5.9319 9.1777
-6.7098 9.2961
-6.5325 9.8920
-6.4866 9.0064
-7.1916 7.8579
-7.7483 8.4355
-7.0890 7.4780
-6.6175 7.4984
-7.4617 8.6671
-7.8974 8.6706
-9.1656 9.1552
-9.7718 8.4869
-11.0398 6.6163
-10.9076 5.3951
-10.7998 7.1029
-10.2682 6.6345
-10.8564 7.4088
-11.0977 7.3366
-11.3414 7.9938
-11.2035 8.6485
-11.9278 8.8429
-11.9443 8.2882
-12.7846 8.1617
-12.2956 9.0399
-12.1291 9.2326
-13.1685 8.6774
-14.0461 9.3845
-15.0884 8.6483
-15.4828 7.6338
-16.2239 8.8504
-16.5912 8.1429
-16.6145 8.7894
-17.2329 8.3515
-18.3812 10.0436
-18.7575 9.1734
-19.1486 8.4105
-19.8042 8.2630
-20.4945 8.5266
-20.6045 8.3469
-21.0396 7.6868
-21.2428 7.1564
-20.8836 6.0978
-21.8138 4.7724
-22.1756 3.6399
-22.5335 3.2597
-22.9339 -0.9218
20.2384 10.6226
20.4254 11.1610
19.4347 10.2970
18.4685 11.1574
18.6318 11.0271
17.5259 9.7740
16.4934 9.4650
16.1980 8.6804
15.7740 8.4077
14.8977 8.0413
14.7564 9.1182
14.6689 7.6680
14.1558 6.9571
13.7447 9.0521
13.0646 7.7962
13.7518 8.5802
13.1055 8.9051
12.3503 9.0324
12.7394 8.1803
12.4384 8.4973
12.0539 7.7146
11.6492 9.2982
12.1648 8.3721
12.6445 7.6600
11.9029 6.4201
11.7939 6.3247
10.9904 4.7714
9.9486 3.7767
9.3883 5.4261
9.5790 5.4972
8.3737 5.8851
7.9127 6.0962
8.2689 6.3858
8.0965 5.4616
7.1553 5.5732
6.8571 3.8647
6.1225 4.4815
6.5074 3.8133
6.6861 5.6738
6.7171 5.9974
6.5962 4.6909
5.8864 5.2564
5.1008 4.5720
4.5774 4.8989
5.0532 2.9621
5.0124 2.1746
4.3735 3.7252
5.0648 1.4327
4.5036 0.4805
3.6981 -0.6234
19.5907 8.4282
18.8383 8.4408
17.8431 8.0233
17.3083 7.0953
17.2146 7.2145
17.6390 7.3022
17.4757 6.1296
17.0426 4.5298
15.7700 4.7600
15.0440 3.7626
14.6060 4.0773
14.4741 4.2906
13.9891 1.8599
12.8924 2.3625
13.1418 3.2405
12.0891 2.6098
11.9508 0.9503
12.3378 -1.4406
19.3909 10.2441
19.1889 9.3476
18.6852 9.4901
18.7971 8.8678
18.9570 8.7423
18.1145 7.9413
18.7677 6.4709
18.2021 4.6441
18.4677 4.8413
17.1785 4.9510
17.4127 2.8868
17.3842 1.7927
16.6792 3.6298
17.3135 3.7206
17.1043 3.9381
17.7036 3.6104
17.1900 3.7881
17.3357 4.0235
17.2751 6.2954
16.0423 5.2861
14.8401 3.7194
15.2595 3.5210
14.7053 1.4624
15.0313 -3.3659
18.7083 9.5313
17.6646 10.4747
17.6641 11.2604
18.1529 12.0298
18.3992 12.3365
18.6092 13.1394
17.3109 12.8612
16.3978 13.2764
15.5792 12.6909
15.8927 13.0199
16.2235 13.4898
15.4298 14.2271
14.1879 14.5263
14.0566 14.0844
13.6395 14.6626
12.6540 14.6932
11.8809 14.2522
11.2096 15.1020
11.7436 15.7983
10.8865 14.7564
11.5154 14.1732
10.6401 15.1240
11.1068 14.2864
9.9047 13.3144
9.7528 12.7826
10.2594 12.4250
10.5135 11.6432
10.1946 12.0627
10.7476 12.9975
10.0515 13.0502
9.0001 13.7988
9.2539 12.6187
9.8235 12.8519
9.6387 12.5768
10.2608 12.7259
10.2925 12.5628
9.4172 13.2594
9.9984 12.2707
10.1684 11.8063
10.6818 12.4143
11.2798 13.2361
10.9017 13.4768
10.5764 13.8731
10.0686 13.2879
9.8524 13.3124
8.8232 12.1309
9.3520 12.7833
9.4502 12.1301
9.9998 13.1991
9.0254 12.5957
9.2633 13.1159
8.9684 13.9388
8.2327 14.7039
7.3976 14.5533
6.2715 14.5368
6.2205 14.4994
6.6147 13.9486
7.1177 12.7263
6.3766 12.3457
6.8941 11.6153
6.7553 11.4769
5.8070 10.5366
5.0473 10.2747
3.9190 11.0627
3.5819 11.3764
3.3493 12.0443
2.1379 11.4848
2.3055 11.8391
1.6588 11.7634
1.3383 11.5921
0.3102 11.8017
0.1083 11.4459
-0.9116 12.1731
-1.7208 11.0401
-2.4640 11.1906
-1.9314 10.9688
-2.7645 11.3778
-3.5411 10.8769
-4.7514 9.5129
-5.4593 9.0275
-6.5244 10.3718
-6.1113 11.3063
-6.2901 10.5818
-6.7987 9.6793
-8.0055 9.8962
-7.7512 8.8936
-9.0213 8.1672
-8.3803 7.2866
-7.9795 7.4239
-7.9725 7.0678
-7.9592 7.9003
-8.4773 8.7829
-9.5647 9.1100
-9.7593 9.0957
-10.2170 9.6599
-10.5470 10.4475
-10.1270 11.2268
-10.9882 10.7653
-10.7094 10.8194
-11.0323 11.3504
-11.3080 11.4565
-11.8803 11.5025
-11.8392 11.1229
-12.1395 9.5216
-12.8745 9.1175
-12.9452 8.1288
-13.0328 9.0509
-14.0575 9.7923
-14.3019 9.4550
-14.8101 8.8001
-14.8257 8.5033
-14.1416 7.4929
-13.9019 7.8695
-14.2058 7.6533
-14.6745 6.6118
-14.9631 6.9503
-15.9621 6.2090
-16.0291 7.6941
-16.1626 6.3092
-17.2433 6.2329
-16.5874 6.8894
-15.9834 5.9567
-15.4545 4.7320
-15.6589 4.4474
-16.5275 3.1695
-16.4949 5.1116
-16.4178 5.4603
-15.7285 3.0066
-16.1902 2.8337
-15.7253 1.7820
-16.1337 4.4088
-15.8732 4.0287
-15.7260 3.5466
-15.0725 2.4685
-15.0496 1.7130
-15.1200 0.9891
-14.8543 0.4425
-14.8645 -1.1801
18.7728 10.6202
17.5847 11.0134
17.9189 11.1173
16.8644 12.1240
15.8600 11.7015
16.2326 10.1061
15.9400 9.7322
16.2176 9.2689
16.1341 8.2533
15.0017 7.8023
15.3376 6.8009
15.8521 6.3583
15.7075 7.4731
14.4766 8.9936
14.8749 7.6706
13.9300 6.1966
13.8060 6.9985
13.4190 7.6127
13.5626 7.5839
12.3930 7.1587
11.1951 7.2203
10.4164 5.5142
9.6765 7.1944
9.8335 5.5696
9.6581 4.6677
9.9075 4.4868
9.7533 3.1286
8.9939 3.8726
9.3813 3.0272
9.5572 1.0355
9.8292 2.4266
8.9281 2.7175
9.4680 3.5062
9.4664 4.3636
8.4999 0.5066
8.9414 0.5021
8.5251 0.5933
8.0189 -3.6279
19.4241 10.4770
18.5877 10.3949
17.3635 9.2652
16.5448 8.3052
15.6956 8.3350
16.2616 7.9434
16.8108 7.7505
17.0295 7.3539
17.5130 7.5879
17.1311 6.2049
16.9356 5.1428
16.6312 4.1429
15.4964 3.0165
14.6681 1.1327
14.6916 -0.2481
19.7251 11.0497
19.7105 11.0891
18.6451 10.4626
18.7354 10.9185
17.7526 10.4935
16.5719 10.6411
16.5375 10.3965
15.5304 9.5510
14.3162 9.7292
14.1349 9.3601
14.2377 8.2273
13.7616 8.4267
14.0216 7.5314
13.7620 8.0373
13.0340 8.2565
13.1668 7.8685
12.1607 6.3827
12.4016 7.0173
12.3975 6.7577
11.8060 6.7697
12.0192 6.1670
11.4103 5.5962
10.2042 6.8098
9.0864 7.3470
7.9224 5.4281
6.9371 8.8493
6.7691 7.4055
6.8241 8.5216
6.8043 8.7741
6.2478 9.8010
5.2580 8.1182
4.3059 8.6637
4.6339 9.6307
4.6984 9.7832
3.9902 9.6381
4.0008 8.9105
3.2358 9.8478
2.9277 9.5250
2.2782 10.6526
2.7795 9.8384
2.4431 10.7733
2.5154 9.9199
3.1285 8.3967
2.5476 7.5845
2.6317 6.6358
1.8034 6.7950
2.3857 6.5362
1.7362 5.7721
1.8956 5.6682
1.0164 6.3356
0.2717 5.0629
0.4625 5.6515
0.0375 6.8616
0.3546 7.6585
-0.3642 6.7519
-0.3460 5.7777
-1.2751 3.0095
-2.4994 6.2551
-3.5005 5.9026
-2.9797 5.6742
-4.0961 6.0156
-3.6389 5.6603
-4.5241 4.6969
-4.5093 4.1548
-5.5100 2.9906
-6.7528 2.9056
-7.7816 1.6639
-7.5464 1.5302
-7.5477 1.9643
-7.7928 -1.4529
18.8402 10.4236
17.6141 10.6998
16.9585 10.2584
15.7151 10.1612
15.9662 10.1104
15.8907 9.5483
16.3834 8.5140
15.4659 7.4032
15.4050 7.6549
14.9231 8.4395
14.6600 8.4168
13.3688 8.1758
13.8305 9.5637
13.8634 9.7446
13.3593 10.5616
13.6749 9.9191
13.5326 9.5651
13.9437 9.2145
13.4041 10.1420
12.4639 10.0118
11.1992 9.3174
10.7615 7.5319
11.3239 6.1801
11.6233 5.1647
11.2606 3.1617
11.1850 2.4991
10.4590 3.1761
10.7905 2.1118
11.3338 2.7552
11.0707 4.3943
11.7558 5.4521
11.8318 4.9710
10.6447 3.2615
10.8934 4.1436
11.2618 4.3927
11.3121 2.8900
10.3429 1.4666
9.7648 1.6301
10.0744 2.4194
9.5301 1.7474
8.4912 2.6523
8.3932 1.8922
8.9509 3.6233
8.1142 2.4235
8.6477 3.3807
7.4951 3.4679
8.0585 4.4036
8.3372 6.6140
8.6157 8.2031
8.4908 9.1241
8.9978 8.7779
7.8968 10.0177
6.8925 10.4336
5.9317 10.8116
4.8364 9.7028
4.5911 10.0937
4.1118 9.2477
4.4413 9.3548
4.7397 8.5289
3.5730 7.0849
2.9420 8.2748
1.7620 8.3592
1.1977 8.0224
0.7798 7.8096
1.3478 7.4085
1.9472 7.2099
2.1343 8.4329
1.2939 9.0760
1.1830 7.7832
0.6751 7.6048
-0.3672 7.1445
-1.0548 7.5894
-0.5895 5.7582
-1.4294 5.9335
-2.0975 5.3312
-2.7557 4.4331
-2.8590 2.8776
-4.0652 2.6697
-4.0726 1.5948
-3.8917 0.7783
-4.3013 -0.7262
20.1306 8.7253
20.3436 8.7549
20.1789 8.3397
19.0358 8.6625
18.4655 7.4924
17.6381 6.6587
17.1207 7.5051
15.9847 6.0414
15.0951 4.7803
14.6764 6.8667
14.5401 6.7517
14.1174 8.1351
14.2975 8.4953
14.5197 9.1276
15.0327 9.8762
13.8929 9.1220
13.2073 8.2511
12.8239 7.8097
12.8950 7.5329
11.8397 8.1170
11.3952 8.7168
11.6711 9.3028
11.5208 8.5956
11.2494 8.9875
10.6449 8.3001
9.5845 8.2654
9.2226 7.6550
8.2524 8.4701
7.6219 10.1791
6.9498 10.6631
5.8997 10.4737
4.7026 9.5042
3.9767 9.9908
3.1529 9.0744
2.2842 8.9262
2.6118 8.8587
2.1726 8.6099
2.3720 8.9726
2.6169 9.0031
1.8283 9.2453
2.1220 8.6141
2.1790 7.9022
1.7503 8.3984
1.6226 7.7702
0.6618 7.9594
-0.5114 8.1423
-0.2499 9.3971
-1.4112 9.2886
-0.7452 9.3456
-1.2553 9.3225
-0.6964 9.0938
-0.8556 8.6016
-1.4156 7.8135
-0.9623 7.0282
-1.7582 5.0006
-2.3255 4.1021
-1.7010 4.8256
-2.4120 3.1274
-1.8462 2.0965
-1.7897 0.1611
-2.4357 1.8487
-2.0133 -0.6694
19.0005 9.0310
19.4929 8.6160
20.1428 8.8038
19.3612 9.0392
18.1133 8.8187
18.7950 7.8686
18.7246 9.1456
17.5018 9.2873
17.9971 9.6279
16.7295 8.5265
15.7150 7.5480
14.6054 6.3180
14.3686 6.0854
13.3720 7.0491
14.0361 7.8984
14.6284 6.2426
13.3960 7.2726
14.0385 7.0281
14.5676 7.2518
13.9769 5.3737
13.1770 3.0920
12.3616 1.1061
12.1861 -1.3461
19.9423 10.2554
19.0223 10.3904
17.7615 10.6042
18.1452 10.4598
17.6168 9.5146
17.2664 10.4145
16.1378 10.0436
16.2446 8.9558
15.9162 8.1661
15.4845 9.0002
15.0101 8.5338
14.0074 7.5782
13.9846 7.1548
13.3943 6.9671
13.7978 7.2275
14.0135 6.5334
13.5171 5.5886
13.9415 6.8883
12.9935 6.6666
12.5345 7.5236
11.5694 6.5210
11.2707 4.8448
11.5692 3.4654
12.0502 5.5465
12.6535 6.3592
12.6307 6.9817
11.9502 6.8255
11.3322 5.9940
10.5645 5.5799
10.5132 4.1252
9.3722 3.4347
9.0125 2.3997
8.1421 0.2319
6.8595 -0.6368
18.7586 10.4623
17.6750 10.2025
16.9647 10.3253
16.8606 10.8082
16.5256 11.3035
16.7071 12.0284
16.0609 11.9379
15.7097 11.5342
15.9257 10.7289
14.8716 9.2563
14.6801 9.4301
13.5380 9.0599
12.3686 8.1614
12.6025 6.9491
13.0150 7.6173
13.2916 7.8324
12.7268 7.1416
11.9268 7.5395
10.6558 6.3768
10.4315 6.5549
9.1323 4.5020
9.3026 4.0985
9.5237 3.3070
9.4870 4.8584
10.1124 4.0647
8.8814 5.3412
8.3267 6.0540
7.5747 4.6889
6.7555 6.3022
6.5893 6.2600
7.1948 5.9343
7.7407 5.2161
7.8047 5.3935
8.2132 3.9143
7.4357 4.0002
6.3171 2.4888
6.9403 1.0351
6.9782 0.2753
7.5606 0.5309
7.9266 3.4004
8.1667 3.0363
7.1440 1.1213
6.6914 0.3181
6.1563 1.0709
6.5806 -1.1941
18.7189 10.4715
17.9465 9.9823
17.7374 11.4848
16.7974 11.5827
16.3128 12.1368
16.9804 11.2938
16.8245 10.3471
16.4472 9.9219
15.3539 9.4513
15.2915 8.8864
14.9159 8.3325
15.3938 8.9505
14.3716 9.0390
13.0895 7.2522
12.3832 7.7392
12.1839 6.8111
11.0916 7.3295
10.8779 8.2817
9.6215 8.6195
9.5979 8.2543
10.1188 7.9859
9.8968 7.1809
9.7146 5.9660
9.2614 6.0179
8.8388 7.4851
8.7686 7.3607
8.0508 7.5909
7.4310 5.8397
7.8091 2.9819
6.7053 1.9589
7.1918 2.6015
5.9730 1.3015
5.8991 -0.5637
19.7565 10.8060
19.5218 10.6581
18.9239 9.1411
18.1242 8.8229
18.3719 7.9779
18.1915 8.3081
17.1116 10.3193
17.2827 10.1305
17.4491 8.2906
16.8726 8.0538
17.1573 8.0923
17.0727 7.9089
16.0347 8.1229
15.9714 8.8429
15.0031 8.3483
15.0780 8.3483
15.6623 7.8567
14.3873 8.0810
13.8139 7.2630
14.4610 6.8662
13.3484 8.0133
13.7380 6.2500
12.8009 7.3031
11.8236 6.0788
11.2627 5.9207
10.2537 3.8966
9.4308 2.0419
9.4336 5.3968
9.9054 5.4713
9.3238 6.0546
9.3880 4.2650
8.7449 1.7976
9.1631 0.6567
9.6644 1.7897
8.5740 0.3343
7.2744 -0.0260
19.5837 9.7347
18.3591 9.3193
17.9698 9.7892
17.6541 8.1382
17.9533 7.2183
16.6650 6.9672
15.9238 7.0904
15.0322 7.9129
13.8461 6.8165
13.0112 6.1737
12.6941 4.9425
11.8045 3.6078
12.1659 4.5430
11.9619 5.3761
11.7313 5.3079
10.6327 5.8567
9.7598 4.6151
8.9598 3.3232
9.2090 1.6186
9.1595 2.6226
9.7091 1.8475
9.8381 2.9277
9.2133 1.6091
7.9649 1.0183
6.9090 0.4387
6.7444 2.1663
5.9512 -0.7099
18.9503 10.5313
17.8834 9.1819
16.6030 10.1894
15.5843 10.8410
14.3280 10.3373
14.0757 9.9529
13.1349 8.8234
12.2118 6.7274
12.1648 6.1082
12.7579 5.1403
12.1275 3.2999
12.1236 1.1386
11.5221 2.3672
10.6920 2.2422
10.0079 2.3107
10.0850 1.1362
10.7323 -0.1876
20.6218 9.4164
20.8332 10.1218
20.9769 11.2081
20.2888 10.6472
19.4999 10.0854
18.9102 10.4110
18.3043 10.3841
17.7314 9.7582
18.1646 8.5894
18.1328 8.7945
18.1496 8.9815
17.9978 9.3179
17.5134 9.6152
17.9929 8.4201
16.9137 8.7174
16.7148 8.3285
15.6934 8.3661
14.5151 7.3560
14.7897 6.4460
14.9240 4.9462
14.4384 3.0185
13.6529 3.7822
12.9429 3.8637
13.3989 2.1774
13.6316 1.1729
12.5179 1.6582
12.1380 1.5084
12.0053 -0.0142
20.2719 10.7881
20.1187 11.7878
19.9325 12.3148
18.8513 12.8933
19.0165 12.6703
18.3805 12.9893
17.1548 12.9071
17.2414 12.5407
17.5774 11.5446
18.0676 11.6833
17.1391 12.4339
17.1942 11.5954
17.3743 12.0700
16.8432 11.1453
16.2103 11.5671
16.1748 10.5987
15.2780 9.5976
15.6718 8.5582
15.2920 8.0284
15.1476 6.7155
14.1692 7.7996
13.8428 8.9702
14.4216 9.3531
14.1439 8.3851
13.3755 8.9560
13.3934 8.9668
12.2243 9.3193
12.8880 9.1365
13.3536 9.8916
12.4327 9.5712
11.3253 9.0848
11.9290 8.9095
11.6507 9.7649
10.8657 9.9427
10.4260 9.9898
10.1983 10.7984
10.3862 9.8736
10.2020 9.7688
9.1114 10.1419
8.5562 9.0925
8.9481 9.0499
8.5933 8.4371
8.9938 7.1645
8.4609 6.4827
7.2616 8.0304
7.8050 9.4845
6.6389 9.1974
5.9277 9.1459
5.5384 10.3299
4.3979 11.1226
3.5504 10.4073
3.0838 9.3935
2.4198 9.1622
2.7369 9.3918
3.3680 9.6049
3.4798 9.3137
3.2792 7.8785
3.6157 7.4797
3.7193 7.6103
3.4041 6.8940
2.1220 7.3362
1.4781 7.5189
0.8937 8.5164
1.2316 6.9738
1.0405 7.0495
0.8520 8.4886
0.5486 7.8652
0.3217 8.2945
0.9117 8.0918
1.4411 6.6038
0.6487 6.8260
0.9802 6.4969
0.3950 6.0811
0.2427 6.8212
-0.4216 7.9560
-0.1813 7.3738
-0.5474 7.8089
-0.3517 8.3385
-0.3760 8.4707
-0.0443 7.4448
-0.9382 6.5001
-1.9438 5.4875
-1.2978 6.5102
-1.5028 7.7885
-2.5137 8.2846
-3.7867 7.3534
-3.6044 6.7693
-4.8632 6.0555
-5.4381 4.5175
-6.5439 4.9687
-7.2954 6.7832
-8.3922 7.4229
-9.3801 6.9789
-8.7353 5.6721
-8.3620 5.3391
-8.0866 4.5879
-7.5146 2.9085
-8.5539 2.6972
-9.0550 2.2803
-9.2212 1.8114
-9.8268 4.6316
-11.0142 5.3182
-11.7601 5.6216
-11.8677 4.6704
-12.8113 5.6834
-13.4786 7.4316
-13.4326 9.4420
-13.9015 8.8544
-14.7693 10.4820
-15.7496 9.8067
-17.0495 9.4189
-18.0583 9.1762
-17.9167 8.5682
-17.6608 8.2093
-18.5736 8.2104
-18.0813 8.7179
-19.0895 8.3147
-19.1391 9.2174
-19.4255 10.7858
-19.1609 9.7324
-19.2831 9.6000
-20.4505 10.3423
-20.9859 10.3441
-22.0567 8.9765
-22.0308 9.4961
-23.1561 8.3403
-23.7486 8.1210
-24.5939 8.1693
-23.8952 6.1307
-23.8147 3.9372
-24.3562 5.8604
-25.1617 5.8734
-24.7078 4.8316
-24.8066 6.6121
-24.6672 8.8016
-25.1524 8.1621
-25.4505 7.6197
-25.9042 8.0302
-26.6274 7.6829
-27.7361 5.4266
-27.6569 5.3157
-28.2520 4.9172
-28.4672 4.1361
-28.1642 4.3081
-28.7184 2.6326
-28.4013 2.9528
-29.1353 1.5717
-29.6629 -2.6145
20.2454 9.3752
19.9632 8.7928
19.9790 9.0485
18.8485 9.1409
18.1935 9.0142
17.1190 9.8168
16.8569 9.3454
15.6920 9.0302
14.9017 9.0450
14.3455 8.8110
14.4358 9.5804
14.8272 10.2987
14.9613 10.9665
15.4408 11.2855
15.9147 10.5331
15.0280 10.2673
14.9673 10.7847
15.2974 11.2831
15.6209 11.8494
16.2177 11.3636
15.2306 10.7169
15.8191 9.9915
14.5359 9.0741
15.0575 9.1889
15.0254 8.8173
13.9839 9.0256
14.6440 8.0410
15.3136 7.3606
15.5960 6.6319
15.4061 6.2884
15.1185 6.4692
14.2854 5.8085
13.4435 5.8904
13.2680 5.9130
12.8261 6.4042
12.9143 6.3540
12.3014 6.5479
12.3454 5.7615
11.5751 7.0701
11.2486 7.3406
10.9789 7.4188
10.0918 5.8668
10.3819 7.4048
10.7179 6.0604
10.3514 5.6635
10.5425 5.1817
10.5222 4.6711
11.1618 6.6799
11.3924 4.9501
11.0440 5.5892
11.1321 5.9368
11.8040 5.6534
11.5958 5.0182
11.1199 7.8194
11.5342 8.3884
12.1230 8.3019
11.0647 8.6571
10.8854 9.3782
11.3765 8.8834
10.2949 8.9938
9.5658 7.2039
10.2369 6.8113
10.0558 7.2010
10.5402 6.4132
11.1605 5.2103
10.7194 4.9661
10.0671 4.4502
9.6232 4.9571
8.4264 4.4344
9.0847 2.7703
7.9286 2.2288
8.6129 4.8445
8.6898 5.5147
8.6970 6.0018
8.8068 4.2128
8.0697 0.6808
7.6835 -0.3096
19.3015 9.9749
18.7060 10.8824
17.4424 11.6413
17.1827 11.4126
17.4964 11.7112
16.7915 11.3346
15.5269 10.4714
15.0258 10.2058
14.9220 9.8433
14.8507 9.3379
15.2970 8.3139
14.4627 6.8104
14.8261 6.2352
14.5655 5.3770
14.9832 6.5222
14.4215 6.4589
13.6751 7.5594
13.6863 8.3030
13.1964 8.2172
13.8136 7.8627
13.0141 7.9537
13.4794 8.5506
12.9236 8.0818
13.2481 8.6260
13.2692 7.3201
13.9640 5.9847
13.2124 6.6197
